studied_reservoirs
41
42
55
57
63
80
88
89
90
92
97
100
116
131
132
133
148
182
192
198
210
293
300
305
307
310
319
355
362
364
368
373
374
384
386
387
391
393
396
398
405
411
413
416
421
423
438
451
477
488
492
493
497
502
509
511
517
519
522
529
530
536
541
554
567
575
597
601
604
610
613
616
625
629
657
753
767
768
774
798
837
868
870
872
882
884
893
895
898
924
938
939
948
953
955
956
957
961
962
963
964
965
967
968
972
975
976
979
980
981
982
983
987
989
991
998
1000
1001
1003
1006
1007
1016
1017
1020
1021
1023
1026
1027
1028
1032
1033
1036
1042
1048
1050
1053
1060
1067
1077
1078
1084
1086
1092
1093
1101
1112
1120
1121
1122
1123
1124
1125
1134
1139
1144
1151
1164
1170
1181
1192
1194
1197
1220
1237
1243
1247
1266
1269
1273
1280
1285
1286
1291
1294
1302
1315
1317
1586
1587
1592
1600
1631
1636
1645
1654
1655
1659
1683
1699
1703
1707
1709
1712
1714
1718
1726
1733
1735
1739
1740
1741
1742
1752
1753
1754
1755
1756
1758
1761
1762
1763
1765
1767
1768
1770
1774
1775
1776
1777
1781
1782
1783
1788
1796
1797
1800
1801
1818
1822
1823
1824
1828
1829
1833
1834
1835
1841
1843
1847
1848
1851
1862
1863
1864
1869
1879
1883
1896
1910
1916
